  87500.0000000000000000000000     -0.2336999922990798950195 -75000.0000000000000000000000 -50000.0039062500000000000000      0.0000000000000000000000      0.0000000000000000000000 -37500.0000000000000000000000      0.2336999922990798950195 -75000.0000000000000000000000      0.0000000000000000000000      0.0000000000000000000000      0.0000000000000000000000      0.0000000000000000000000      0.0000000000000000000000      0.0000000000000000000000      0.0000000000000000000000      0.0000000000000000000000      0.0000000000000000000000
     -0.2336999922990798950195 104687.5078125000000000000000  18749.7187500000000000000000      0.0000000000000000000000  -4687.5000000000000000000000  18750.0000000000000000000000      0.2336999922990798950195-100000.0078125000000000000000     -0.2804399430751800537109      0.0000000000000000000000      0.0000000000000000000000      0.0000000000000000000000      0.0000000000000000000000      0.0000000000000000000000      0.0000000000000000000000      0.0000000000000000000000      0.0000000000000000000000      0.0000000000000000000000
 -75000.0000000000000000000000  18749.7187500000000000000000 300000.0312500000000000000000      0.0000000000000000000000 -18750.0000000000000000000000  50000.0039062500000000000000  75000.0000000000000000000000      0.2804399430751800537109 100000.0078125000000000000000      0.0000000000000000000000      0.0000000000000000000000      0.0000000000000000000000      0.0000000000000000000000      0.0000000000000000000000      0.0000000000000000000000      0.0000000000000000000000      0.0000000000000000000000      0.0000000000000000000000
 -50000.0039062500000000000000      0.0000000000000000000000      0.0000000000000000000000  87500.0000000000000000000000     -0.2336999922990798950195 -75000.0000000000000000000000      0.0000000000000000000000      0.0000000000000000000000      0.0000000000000000000000 -37500.0000000000000000000000      0.2336999922990798950195 -75000.0000000000000000000000      0.0000000000000000000000      0.0000000000000000000000      0.0000000000000000000000      0.0000000000000000000000      0.0000000000000000000000      0.0000000000000000000000
      0.0000000000000000000000  -4687.5000000000000000000000 -18750.0000000000000000000000     -0.2336999922990798950195 104687.5078125000000000000000 -18750.2812500000000000000000      0.0000000000000000000000      0.0000000000000000000000      0.0000000000000000000000      0.2336999922990798950195-100000.0078125000000000000000     -0.2804399430751800537109      0.0000000000000000000000      0.0000000000000000000000      0.0000000000000000000000      0.0000000000000000000000      0.0000000000000000000000      0.0000000000000000000000
      0.0000000000000000000000  18750.0000000000000000000000  50000.0039062500000000000000 -75000.0000000000000000000000 -18750.2812500000000000000000 300000.0312500000000000000000      0.0000000000000000000000      0.0000000000000000000000      0.0000000000000000000000  75000.0000000000000000000000      0.2804399430751800537109 100000.0078125000000000000000      0.0000000000000000000000      0.0000000000000000000000      0.0000000000000000000000      0.0000000000000000000000      0.0000000000000000000000      0.0000000000000000000000
 -37500.0000000000000000000000      0.2336999922990798950195  75000.0000000000000000000000      0.0000000000000000000000      0.0000000000000000000000      0.0000000000000000000000 125000.0000000000000000000000     -0.4673999845981597900391      0.0000000000000000000000 -50000.0039062500000000000000      0.0000000000000000000000      0.0000000000000000000000 -37500.0000000000000000000000      0.2336999922990798950195 -75000.0000000000000000000000      0.0000000000000000000000      0.0000000000000000000000      0.0000000000000000000000
      0.2336999922990798950195-100000.0078125000000000000000      0.2804399430751800537109      0.0000000000000000000000      0.0000000000000000000000      0.0000000000000000000000     -0.4673999845981597900391 204687.5156250000000000000000  18750.0000000000000000000000      0.0000000000000000000000  -4687.5000000000000000000000  18750.0000000000000000000000      0.2336999922990798950195-100000.0078125000000000000000     -0.2804399430751800537109      0.0000000000000000000000      0.0000000000000000000000      0.0000000000000000000000
 -75000.0000000000000000000000     -0.2804399430751800537109 100000.0078125000000000000000      0.0000000000000000000000      0.0000000000000000000000      0.0000000000000000000000      0.0000000000000000000000  18750.0000000000000000000000 500000.0312500000000000000000      0.0000000000000000000000 -18750.0000000000000000000000  50000.0039062500000000000000  75000.0000000000000000000000      0.2804399430751800537109 100000.0078125000000000000000      0.0000000000000000000000      0.0000000000000000000000      0.0000000000000000000000
      0.0000000000000000000000      0.0000000000000000000000      0.0000000000000000000000 -37500.0000000000000000000000      0.2336999922990798950195  75000.0000000000000000000000 -50000.0039062500000000000000      0.0000000000000000000000      0.0000000000000000000000 125000.0000000000000000000000     -0.4673999845981597900391      0.0000000000000000000000      0.0000000000000000000000      0.0000000000000000000000      0.0000000000000000000000 -37500.0000000000000000000000      0.2336999922990798950195 -75000.0000000000000000000000
      0.0000000000000000000000      0.0000000000000000000000      0.0000000000000000000000      0.2336999922990798950195-100000.0078125000000000000000      0.2804399430751800537109      0.0000000000000000000000  -4687.5000000000000000000000 -18750.0000000000000000000000     -0.4673999845981597900391 204687.5156250000000000000000 -18750.0000000000000000000000      0.0000000000000000000000      0.0000000000000000000000      0.0000000000000000000000      0.2336999922990798950195-100000.0078125000000000000000     -0.2804399430751800537109
      0.0000000000000000000000      0.0000000000000000000000      0.0000000000000000000000 -75000.0000000000000000000000     -0.2804399430751800537109 100000.0078125000000000000000      0.0000000000000000000000  18750.0000000000000000000000  50000.0039062500000000000000      0.0000000000000000000000 -18750.0000000000000000000000 500000.0625000000000000000000      0.0000000000000000000000      0.0000000000000000000000      0.0000000000000000000000  75000.0000000000000000000000      0.2804399430751800537109 100000.0078125000000000000000
      0.0000000000000000000000      0.0000000000000000000000      0.0000000000000000000000      0.0000000000000000000000      0.0000000000000000000000      0.0000000000000000000000 -37500.0000000000000000000000      0.2336999922990798950195  75000.0000000000000000000000      0.0000000000000000000000      0.0000000000000000000000      0.0000000000000000000000 166088.1406250000000000000000 -29184.5136718750000000000000 -38399.9335937500000000000000 -50000.0039062500000000000000      0.0000000000000000000000      0.0000000000000000000000
      0.0000000000000000000000      0.0000000000000000000000      0.0000000000000000000000      0.0000000000000000000000      0.0000000000000000000000      0.0000000000000000000000      0.2336999922990798950195-100000.0078125000000000000000      0.2804399430751800537109      0.0000000000000000000000      0.0000000000000000000000      0.0000000000000000000000 -29184.5136718750000000000000 262799.3750000000000000000000 -10050.0966796875000000000000      0.0000000000000000000000  -4687.5000000000000000000000  18750.0000000000000000000000
      0.0000000000000000000000      0.0000000000000000000000      0.0000000000000000000000      0.0000000000000000000000      0.0000000000000000000000      0.0000000000000000000000 -75000.0000000000000000000000     -0.2804399430751800537109 100000.0078125000000000000000      0.0000000000000000000000      0.0000000000000000000000      0.0000000000000000000000 -38399.9335937500000000000000 -10050.0966796875000000000000 660000.0625000000000000000000      0.0000000000000000000000 -18750.0000000000000000000000  50000.0039062500000000000000
      0.0000000000000000000000      0.0000000000000000000000      0.0000000000000000000000      0.0000000000000000000000      0.0000000000000000000000      0.0000000000000000000000      0.0000000000000000000000      0.0000000000000000000000      0.0000000000000000000000 -37500.0000000000000000000000      0.2336999922990798950195  75000.0000000000000000000000 -50000.0039062500000000000000      0.0000000000000000000000      0.0000000000000000000000 166087.7187500000000000000000  29183.4492187500000000000000 -38400.1406250000000000000000
      0.0000000000000000000000      0.0000000000000000000000      0.0000000000000000000000      0.0000000000000000000000      0.0000000000000000000000      0.0000000000000000000000      0.0000000000000000000000      0.0000000000000000000000      0.0000000000000000000000      0.2336999922990798950195-100000.0078125000000000000000      0.2804399430751800537109      0.0000000000000000000000  -4687.5000000000000000000000 -18750.0000000000000000000000  29183.4492187500000000000000 262799.7812500000000000000000  10049.8183593750000000000000
      0.0000000000000000000000      0.0000000000000000000000      0.0000000000000000000000      0.0000000000000000000000      0.0000000000000000000000      0.0000000000000000000000      0.0000000000000000000000      0.0000000000000000000000      0.0000000000000000000000 -75000.0000000000000000000000     -0.2804399430751800537109 100000.0078125000000000000000      0.0000000000000000000000  18750.0000000000000000000000  50000.0039062500000000000000 -38400.1406250000000000000000  10049.8183593750000000000000 660000.0625000000000000000000
